(40, 36)
afterGetStartAndEnd()
4 30
21 30
afterAdjacentCells()
0 1
1 0
1 1
1 2
2 1
0 1
1 0
1 1
1 2
2 1
0 1
1 0
1 1
1 2
2 1
0 1
1 0
1 1
1 2
2 1
0 1
1 0
1 1
1 2
2 1
0 1
1 0
1 1
1 2
2 1
0 1
1 0
1 1
1 2
2 1
0 1
1 0
1 1
1 2
2 1
0 1
1 0
1 1
1 2
2 1
0 1
1 0
1 1
1 2
2 1
0 1
1 0
1 1
1 2
2 1
0 1
1 0
1 1
1 2
2 1
0 1
1 0
1 1
1 2
2 1
0 1
1 0
1 1
1 2
2 1
0 1
1 0
1 1
1 2
2 1
0 1
1 0
1 1
1 2
2 1
0 1
1 0
1 1
1 2
2 1
0 1
1 0
1 1
1 2
2 1
0 1
1 0
1 1
1 2
2 1
0 1
1 0
1 1
1 2
2 1
0 1
1 0
1 1
1 2
2 1
0 1
1 0
1 1
1 2
2 1
0 1
1 0
1 1
1 2
2 1
0 1
1 0
1 1
1 2
2 1
0 1
1 0
1 1
1 2
2 1
0 1
1 0
1 1
1 2
2 1
0 1
1 0
1 1
1 2
2 1
0 1
1 0
1 1
1 2
2 1
0 1
1 0
1 1
1 2
2 1
0 1
1 0
1 1
1 2
2 1
0 1
1 0
1 1
1 2
2 1
0 1
1 0
1 1
1 2
2 1
0 1
1 0
1 1
1 2
2 1
0 1
1 0
1 1
1 2
2 1
0 1
1 0
1 1
1 2
2 1
0 1
1 0
1 1
1 2
2 1
0 1
1 0
1 1
1 2
2 1
0 1
1 0
1 1
1 2
2 1
0 1
1 0
1 1
1 2
2 1
0 1
1 0
1 1
1 2
2 1
0 1
1 0
1 1
1 2
2 1
0 1
1 0
1 1
1 2
2 1
0 1
1 0
1 1
1 2
2 1
0 1
1 0
1 1
1 2
2 1
0 1
1 0
1 1
1 2
2 1
0 1
1 0
1 1
1 2
2 1
0 1
1 0
1 1
1 2
2 1
0 1
1 0
1 1
1 2
2 1
0 1
1 0
1 1
1 2
2 1
0 1
1 0
1 1
1 2
2 1
0 1
1 0
1 1
1 2
2 1
0 1
1 0
1 1
1 2
2 1
0 1
1 0
1 1
1 2
2 1
0 1
1 0
1 1
1 2
2 1
0 1
1 0
1 1
1 2
2 1
0 1
1 0
1 1
1 2
2 1
0 1
1 0
1 1
1 2
2 1
0 1
1 0
1 1
1 2
2 1
0 1
1 0
1 1
1 2
2 1
0 1
1 0
1 1
1 2
2 1
0 1
1 0
1 1
1 2
2 1
0 1
1 0
1 1
1 2
2 1
0 1
1 0
1 1
1 2
2 1
0 1
1 0
1 1
1 2
2 1
0 1
1 0
1 1
1 2
2 1
0 1
1 0
1 1
1 2
2 1
0 1
1 0
1 1
1 2
2 1
0 1
1 0
1 1
1 2
2 1
0 1
1 0
1 1
1 2
2 1
0 1
1 0
1 1
1 2
2 1
0 1
1 0
1 1
1 2
2 1
0 1
1 0
1 1
1 2
2 1
0 1
1 0
1 1
1 2
2 1
0 1
1 0
1 1
1 2
2 1
0 1
1 0
1 1
1 2
2 1
0 1
1 0
1 1
1 2
2 1
0 1
1 0
1 1
1 2
2 1
0 1
1 0
1 1
1 2
2 1
0 1
1 0
1 1
1 2
2 1
0 1
1 0
1 1
1 2
2 1
0 1
1 0
1 1
1 2
2 1
0 1
1 0
1 1
1 2
2 1
0 1
1 0
1 1
1 2
2 1
0 1
1 0
1 1
1 2
2 1
0 1
1 0
1 1
1 2
2 1
0 1
1 0
1 1
1 2
2 1
0 1
1 0
1 1
1 2
2 1
0 1
1 0
1 1
1 2
2 1
0 1
1 0
1 1
1 2
2 1
0 1
1 0
1 1
1 2
2 1
0 1
1 0
1 1
1 2
2 1
0 1
1 0
1 1
1 2
2 1
0 1
1 0
1 1
1 2
2 1
0 1
1 0
1 1
1 2
2 1
0 1
1 0
1 1
1 2
2 1
0 1
1 0
1 1
1 2
2 1
0 1
1 0
1 1
1 2
2 1
0 1
1 0
1 1
1 2
2 1
0 1
1 0
1 1
1 2
2 1
0 1
1 0
1 1
1 2
2 1
0 1
1 0
1 1
1 2
2 1
0 1
1 0
1 1
1 2
2 1
0 1
1 0
1 1
1 2
2 1
0 1
1 0
1 1
1 2
2 1
0 1
1 0
1 1
1 2
2 1
0 1
1 0
1 1
1 2
2 1
0 1
1 0
1 1
1 2
2 1
0 1
1 0
1 1
1 2
2 1
0 1
1 0
1 1
1 2
2 1
0 1
1 0
1 1
1 2
2 1
0 1
1 0
1 1
1 2
2 1
0 1
1 0
1 1
1 2
2 1
0 1
1 0
1 1
1 2
2 1
0 1
1 0
1 1
1 2
2 1
0 1
1 0
1 1
1 2
2 1
0 1
1 0
1 1
1 2
2 1
0 1
1 0
1 1
1 2
2 1
0 1
1 0
1 1
1 2
2 1
0 1
1 0
1 1
1 2
2 1
0 1
1 0
1 1
1 2
2 1
0 1
1 0
1 1
1 2
2 1
0 1
1 0
1 1
1 2
2 1
0 1
1 0
1 1
1 2
2 1
0 1
1 0
1 1
1 2
2 1
0 1
1 0
1 1
1 2
2 1
0 1
1 0
1 1
1 2
2 1
0 1
1 0
1 1
1 2
2 1
0 1
1 0
1 1
1 2
2 1
0 1
1 0
1 1
1 2
2 1
0 1
1 0
1 1
1 2
2 1
0 1
1 0
1 1
1 2
2 1
0 1
1 0
1 1
1 2
2 1
0 1
1 0
1 1
1 2
2 1
0 1
1 0
1 1
1 2
2 1
0 1
1 0
1 1
1 2
2 1
0 1
1 0
1 1
1 2
2 1
0 1
1 0
1 1
1 2
2 1
0 1
1 0
1 1
1 2
2 1
0 1
1 0
1 1
1 2
2 1
0 1
1 0
1 1
1 2
2 1
0 1
1 0
1 1
1 2
2 1
0 1
1 0
1 1
1 2
2 1
0 1
1 0
1 1
1 2
2 1
0 1
1 0
1 1
1 2
2 1
0 1
1 0
1 1
1 2
2 1
0 1
1 0
1 1
1 2
2 1
0 1
1 0
1 1
1 2
2 1
0 1
1 0
1 1
1 2
2 1
0 1
1 0
1 1
1 2
2 1
0 1
1 0
1 1
1 2
2 1
0 1
1 0
1 1
1 2
2 1
0 1
1 0
1 1
1 2
2 1
0 1
1 0
1 1
1 2
2 1
0 1
1 0
1 1
1 2
2 1
0 1
1 0
1 1
1 2
2 1
0 1
1 0
1 1
1 2
2 1
0 1
1 0
1 1
1 2
2 1
0 1
1 0
1 1
1 2
2 1
0 1
1 0
1 1
1 2
2 1
0 1
1 0
1 1
1 2
2 1
0 1
1 0
1 1
1 2
2 1
0 1
1 0
1 1
1 2
2 1
0 1
1 0
1 1
1 2
2 1
0 1
1 0
1 1
1 2
2 1
0 1
1 0
1 1
1 2
2 1
0 1
1 0
1 1
1 2
2 1
0 1
1 0
1 1
1 2
2 1
0 1
1 0
1 1
1 2
2 1
0 1
1 0
1 1
1 2
2 1
beforeWalker
0  jvec:  1  x,y  4 30   (4, 30)
===================
-1  kvec:  1  x,y  6 30   (6, 30)
-1  kvec:  2  x,y  7 30   (7, 30)
-1  kvec:  3  x,y  8 30   (8, 30)
-1  kvec:  4  x,y  9 30   (9, 30)
-1  kvec:  5  x,y  10 30   (10, 30)
-1  kvec:  6  x,y  11 30   (11, 30)
-1  kvec:  7  x,y  12 30   (12, 30)
-1  kvec:  8  x,y  13 30   (13, 30)
-1  kvec:  9  x,y  14 30   (14, 30)
-1  kvec:  10  x,y  15 30   (15, 30)
-1  kvec:  11  x,y  16 30   (16, 30)
-1  kvec:  12  x,y  17 30   (17, 30)
-1  kvec:  13  x,y  18 30   (18, 30)
-1  kvec:  14  x,y  19 30   (19, 30)
-1  kvec:  15  x,y  20 30   (20, 30)
-1  kvec:  16  x,y  21 30   (21, 30)
===================

[(1, 0, 0, (4, 30)), (0, 16, -1, (21, 30))]
move_back     -160
===================
0
1
[[0, 16, 1, (4, 30)], [1, 0, 0, (21, 30)]]
move_forward  160
===================
